0.000110
0.010522
0.021016
0.031202
0.041061
0.050978
0.060853
0.070771
0.080849
0.091059
0.101574
0.112316
0.125072
0.136168
0.147554
0.158808
0.170157
0.181307
0.192479
0.203686
0.214747
0.225708
0.236538
0.247392
0.258175
0.269145
0.279993
0.291602
0.305277
0.316783
0.328024
0.338991
0.349902
0.360946
0.371728
0.382516
0.393516
0.404482
0.415269
0.426120
0.437108
0.447918
0.458708
0.469733
0.480601
0.491486
0.502391
0.513177
0.523916
0.534813
0.545573
0.556296
0.566973
0.577613
0.588312
0.599082
0.610549
0.621753
0.632650
0.643485
0.654403
0.665269
0.676082
0.686822
0.697658
0.708534
0.719247
0.729948
0.740652
0.751310
0.761942
0.772598
0.783261
0.793926
0.804626
0.815204
0.825781
0.837106
0.847871
0.859006
0.869934
0.880616
0.892799
0.904580
0.915696
0.926635
0.937306
0.948012
0.958648
0.969168
0.979638
0.990080
1.000634
1.011091
1.021493
1.032111
1.042525
1.052917
1.063236
1.073509
1.083749
1.094007
1.104662
1.117305
1.128531
1.137728
