0.000049
0.006985
0.015300
0.024897
0.035324
0.046476
0.058587
0.071053
0.083666
0.096560
0.110471
0.124063
0.137925
0.152033
0.166198
0.180551
0.195050
0.209906
0.224813
0.239966
0.255248
0.270414
0.285745
0.301233
0.316749
0.332438
0.348101
0.363883
0.379747
0.396169
0.414531
0.431157
0.447530
0.463933
0.481012
0.497614
0.514505
0.533063
0.550874
0.568165
0.585331
0.602311
0.619618
0.636851
0.654087
0.671268
0.688481
0.705679
0.723076
0.740630
0.758067
0.775555
0.793098
0.810782
0.828482
0.846164
0.863855
0.881716
0.899457
0.917292
0.935343
0.953259
0.972101
0.990906
1.009667
1.028090
1.046505
1.065006
1.083341
1.101516
1.121759
1.141145
1.160199
1.178679
1.197224
1.215994
1.234822
1.253453
1.272220
1.290948
1.309672
1.328567
1.347267
1.366248
1.385062
1.406334
1.426097
1.445293
1.464261
1.483915
1.502965
1.522035
1.541435
1.560595
1.579942
1.599136
1.618550
1.637864
1.657105
1.676334
1.695572
1.716745
1.736763
1.756601
1.776106
1.792563
