0.000047
0.003784
0.007703
0.011338
0.015174
0.018869
0.022658
0.026345
0.030326
0.034443
0.038155
0.041822
0.046294
0.049986
0.053832
0.057730
0.061359
0.065109
0.068618
0.072097
0.075627
0.079180
0.082804
0.086328
0.089943
0.093484
0.096935
0.100530
0.104299
0.107985
0.111591
0.115199
0.118907
0.122667
0.126547
0.130283
0.134008
0.137679
0.141336
0.144872
0.148422
0.152018
0.155570
0.159113
0.162687
0.166219
0.169723
0.173397
0.177044
0.180492
0.183997
0.187548
0.191160
0.194759
0.198306
0.201998
0.205577
0.209101
0.212673
0.216506
0.220063
0.223646
0.227606
0.231530
0.235536
0.239281
0.242800
0.246353
0.249821
0.253639
0.257461
0.261126
0.264993
0.268900
0.272515
0.276010
0.279838
0.283332
0.286920
0.290547
0.294483
0.298421
0.302325
0.306002
0.309659
0.313427
0.317063
0.320772
0.324376
0.328193
0.331992
0.335514
0.339192
0.342674
0.346209
0.349755
0.353181
0.356807
0.360399
0.363865
0.367371
0.370942
0.374921
0.378847
0.382735
0.386005
