0.000034
0.003012
0.006007
0.008978
0.011962
0.014951
0.017908
0.020847
0.023803
0.026861
0.030119
0.033134
0.036207
0.039876
0.042848
0.045802
0.048819
0.051836
0.054968
0.057963
0.060970
0.063970
0.066967
0.069968
0.072971
0.075972
0.079053
0.082049
0.084994
0.087936
0.090933
0.093902
0.096858
0.099818
0.102775
0.105728
0.108676
0.111612
0.114557
0.117520
0.120460
0.123401
0.126345
0.129339
0.132289
0.135241
0.138255
0.141236
0.144171
0.147118
0.150078
0.153053
0.155998
0.158942
0.161877
0.164825
0.167838
0.170795
0.173743
0.176692
0.179709
0.182671
0.185629
0.188570
0.191501
0.194456
0.197427
0.200389
0.203327
0.206291
0.209228
0.212308
0.215261
0.218238
0.221205
0.224169
0.227099
0.230032
0.232998
0.235941
0.238898
0.241841
0.244790
0.247749
0.250685
0.253633
0.256583
0.259517
0.262463
0.265414
0.268373
0.271319
0.274784
0.277846
0.280846
0.283850
0.287209
0.290219
0.293212
0.296234
0.299220
0.302253
0.305256
0.308252
0.311283
0.313812
