0.000085
0.006469
0.012620
0.018684
0.025544
0.032281
0.038261
0.044170
0.050284
0.055795
0.062938
0.069106
0.074608
0.080190
0.086377
0.092010
0.097173
0.102060
0.107117
0.111761
0.115851
0.120771
0.125838
0.130013
0.136797
0.143563
0.152209
0.160118
0.166546
0.173091
0.178469
0.184780
0.193069
0.200993
0.208744
0.215907
0.222816
0.229567
0.236251
0.245234
0.251897
0.258357
0.263779
0.269601
0.275129
0.280390
0.284568
0.290071
0.296053
0.301322
0.306209
0.311306
0.316247
0.321041
0.323557
0.323727
0.323897
0.324065
0.324234
0.324404
0.324573
0.324742
0.324911
0.325080
0.325249
0.325418
0.325587
0.325756
0.325926
0.326094
0.326263
0.326439
0.326608
0.326782
0.326952
0.327121
0.327290
0.327459
0.327628
0.327797
0.327966
0.328135
0.328304
0.328473
0.328642
0.328811
0.328980
0.329149
0.329318
0.329487
0.329656
0.329825
0.329994
0.330163
0.330338
0.330508
0.330672
0.330841
0.331010
0.331179
0.331348
0.331517
0.331686
0.331855
0.332024
0.332168
