0.000375
0.022855
0.045618
0.067174
0.088254
0.107488
0.126406
0.145308
0.163755
0.181927
0.200112
0.218289
0.236069
0.253953
0.271737
0.289603
0.307410
0.325016
0.342571
0.359995
0.377411
0.394891
0.412709
0.430198
0.447528
0.464967
0.482267
0.499670
0.516991
0.534276
0.551756
0.569315
0.588327
0.606183
0.623792
0.641087
0.658584
0.675885
0.693322
0.710612
0.727949
0.745197
0.762463
0.779631
0.796898
0.814064
0.831112
0.848280
0.865377
0.882646
0.900357
0.917498
0.934539
0.951513
0.968532
0.985479
1.002482
1.019376
1.036369
1.053288
1.071781
1.089247
1.106511
1.123509
1.140325
1.157554
1.174357
1.191520
1.210283
1.227320
1.244420
1.261265
1.277931
1.294838
1.311512
1.327958
1.344386
1.360844
1.377037
1.393312
1.409597
1.426323
1.442203
1.458292
1.474078
1.489887
1.505574
1.521126
1.536522
1.552106
1.567413
1.582540
1.597676
1.612684
1.627431
1.641994
1.656796
1.671229
1.685266
1.698933
1.712356
1.725494
1.737968
1.749639
1.759836
1.765995
