0.000058
0.005616
0.011079
0.016571
0.022013
0.027534
0.033360
0.038793
0.044245
0.050105
0.055546
0.061046
0.066626
0.072118
0.077592
0.083158
0.088739
0.094230
0.099706
0.105107
0.110543
0.115998
0.121416
0.126864
0.132332
0.137824
0.143241
0.148705
0.154104
0.159522
0.165004
0.170420
0.175826
0.181303
0.186713
0.192220
0.197705
0.203130
0.208555
0.214037
0.219553
0.225000
0.230473
0.235896
0.241309
0.246805
0.252210
0.257677
0.263214
0.268764
0.274189
0.279665
0.285100
0.290591
0.296071
0.301484
0.306914
0.312375
0.317776
0.323186
0.328674
0.334141
0.339627
0.345134
0.350703
0.356117
0.361599
0.366994
0.372400
0.377890
0.383297
0.388861
0.394336
0.399745
0.405148
0.410625
0.416065
0.421459
0.426939
0.432353
0.437917
0.443402
0.448818
0.454220
0.459678
0.465085
0.470483
0.475983
0.481442
0.487232
0.492770
0.498262
0.503968
0.509515
0.515483
0.520963
0.526525
0.532027
0.537516
0.543103
0.548606
0.554092
0.559577
0.564974
0.570374
0.574975
