0.000045
0.009440
0.021460
0.034780
0.049452
0.064185
0.079284
0.094997
0.111266
0.128786
0.149197
0.168541
0.186978
0.205570
0.225112
0.244507
0.264462
0.284406
0.305177
0.325996
0.346996
0.368346
0.390436
0.412878
0.435349
0.457555
0.483670
0.507193
0.532096
0.555673
0.578692
0.602192
0.625774
0.649240
0.672883
0.697047
0.721301
0.745464
0.769821
0.794593
0.819445
0.844816
0.870104
0.895490
0.920969
0.947078
0.972848
0.998557
1.024731
1.051324
1.077364
1.103565
1.133479
1.163690
1.190464
1.217122
1.244056
1.270952
1.297959
1.325425
1.352727
1.379985
1.407624
1.435667
1.463405
1.491189
1.519313
1.547680
1.575758
1.603497
1.631363
1.659346
1.687297
1.717217
1.745919
1.774031
1.802575
1.831595
1.859881
1.888432
1.917014
1.945773
1.974615
2.003186
2.032328
2.060869
2.089746
2.120198
2.150151
2.179505
2.208920
2.238371
2.267746
2.297291
2.329895
2.359781
2.389358
2.420021
2.449964
2.480253
2.510709
2.541683
2.572003
2.602293
2.632976
2.658657
