0.000338
0.021293
0.045415
0.065873
0.085606
0.104706
0.123881
0.142783
0.162411
0.184656
0.203937
0.222470
0.240521
0.258200
0.276020
0.293923
0.311590
0.333088
0.353331
0.371731
0.392087
0.410002
0.427371
0.444060
0.460752
0.477033
0.493191
0.509157
0.526192
0.542216
0.557876
0.573347
0.588927
0.604222
0.619773
0.634981
0.649860
0.664905
0.679818
0.695234
0.710463
0.725177
0.739731
0.754130
0.768535
0.782958
0.797413
0.811471
0.824994
0.838329
0.851571
0.864976
0.878174
0.891103
0.903919
0.918984
0.932576
0.945385
0.958071
0.970656
0.982940
0.995003
1.006891
1.018731
1.030799
1.042509
1.053985
1.065544
1.076736
1.087788
1.098647
1.109369
1.120048
1.130456
1.141217
1.151644
1.161932
1.173234
1.183775
1.193867
1.203585
1.213132
1.222331
1.231549
1.240522
1.249482
1.258244
1.267120
1.275900
1.284503
1.292961
1.301218
1.308989
1.316500
1.323695
1.330767
1.337528
1.344153
1.350684
1.356979
1.362996
1.370845
1.376377
1.381207
1.385388
1.388016
